1766309046949070
1513217328975930
1292978547444590
1434113756803900
3495556788
442972745903809
353713711667107
2454921501446830
623079827811214
1449280661761170
722724157846416
1733539276885610
211739059412841
199764280187155
277799995696923
300550556964220
90158122001
208497122535045
222883504803119
2166308713629820
1744571355827390
1778329419152460
414829095290449
1778329419152460
2355953024616730
223679784462596
1526225644255530
124310001765062
2463714213733730
373340036101515
1568848159879980
806399302740134
2502297339874920
540330132697709
729299217140642
882855401860324
740753906036851
134066226613755
1292401390833900
226117357599487
196810943861287
185315848576324
219910728208240
173155962731288
230413657148156
234996066693680
597558737007347
749191371831383
1823011147985460
2168732290047470
1214351398599020
302091509881059
1023342917677550
269656369886843
1476245439319740
876689279025944
196737387611115
333850613491188
1494951870639460
456227347784991
220897035095468
1223033827833340
1431271060449390
947336858642745
128615737761334
144740862380047
405244942978818
217847338388543
1830328747223050
264846833886893
720420904736834
377688025722274
1653008781579130
286976408310623
568823826788911
578059702266034
291322351018153
1719992478325380
1255173554614470
346394828894805
108365492322
784404731705514
260881734296982
418651224849150
1042436255766390
914435401972009
1976575005933080
1512630518845820
169702799903538
295541270507349
412841188821728
1847405998659910
1494533214179210
1652427311460200
1554226884817690
1805060876387210
299833820430918
396100787194997
964028990312918
1482763285376270
732640133438896
1747028342266120
753224844775797
365725413582998
1033230683357560
918647501535033
275712962530384
224072608068656
870859466378524
455508151151368
947905018597946
579491768861755
791300270899651
590269397742324
384448185237185
369932416534402
1790645447851440
343870462453487
1493101660986530
799370736779438
320434501449784
2011736215755800
800168736671352
271071413365046
199972057009338
424724451031685
326043304269806
370314139761567
154362801673336
136832316475485
867831286633382
285925378238637
559929530801780
112446932263422
730842586966365
276506179212023
803291426386512
250998028363271
535136723294694
622291861199322
362228173958804
522227207837316
139249680182274
494952127327068
453070261457981
544217785651484
1758064621098270
1252281458177060
175883862519532
574666432634507
856467814451599
1393696194055720
762820330431925
1843925449179920
257204437767549
357841104554802
689648961084200
200481560333243
1697085540530120
1552003551739310
435799616762481
604361039632784
478772235500011
364139733682578
998741626907258
450239631805272
750759188377479
675154692571781
1384437208523920
736789853112508
236133576514375
711334052273721
126198084244004
346955052442880
1475090999393750
245774782161581
193786587723997
688041241257214
379772952530393
663099900416854
571147523042398
360306248037827
254819844908778
827574110652216
744961108997856
658972960797473
611507488972788
709473845803339
325194050886134
734811609977800
684251381716304
222282711587520
408965339246064
224550424376667
669686993042388
929525063882071
378910239288606
351582611651229
453938211774062
694990247227600
508581712550604
1382887395321470
188913894806029
1630944540559150
846975772078551
276499126272097
131714394144839
154181458260608
147629265447595
995112837217727
521997384646102
726252190766927
242135025936615
631341090210502
642849275733203
193268704169420
416962105168912
347632122088506
386412421458390
813956892027077
209683479521839
352127958273113
701209339933975
138395219693002
2016779625207290
483375661740295
543796819105622
241613752629168
491231724647479
123060404952733
462136070555827
1537050943175340
131438820695209
532913940201089
362504624252038
613250188688652
1480549082231640
254724544708750
737452329661021
489001447811017
253992148315980
603513079728576
221692011334824
1630492513853600
233906960072149
310655889064492
544409885584255
1584360018468960
206980466126191
363740610417167
860674487349516
649904388413286
174695249383420
1439674156275500
1620447884651550
708072662683153
194228537352664
796689790466998
215662615274730
298411013688044
600232743345789
110678499645846
405479912851662
1499884270070740
464134880445598
418075011655578
717609574917337
599955346878302
166294513721441
865170873517515
752516158236144
463268410729602
795980507243808
230698320450374
304146343090248
1490426667841770
1608714386049690
115008558852305
1602296403362060
335770949956801
545192442214235
503718519767070
524663171059386
149680169049858
239209130084869
257849291090251
322873641236532
387786788258932
863361553822522
165296843650730
322282374566575
31606449269
1658476151112040
857049827655052
524271090965050
269444683156544
798121276955235
768470049898079
909850365718498
1901821826717580
181534159112307
1819702381584840
502692343130547
401934703218438
885989558092031
124253754800577
595040943857464
267703123287359
293164824454556
100311000330430
101012240312765
676327735900680
252643108244440
258402631027140
118017831883891
407348572651797
207711286780617
455747171160580
147035025484810
2445330482454310
185740231446374
468599556509345
259834254140383
253493541362577
303644249841123
887223578013783
685062861571622
237740736395719
806927099356655
400503333463358
653689104734141
199211687471437
153020375291638
614383599030297
559869994169653
355988807811294
517697771737930
257366497977988
834218363378228
166895930580656
204617199972979
454038864739238
532690700117309
726210040921040
844120312335590
363676137154505
563564550332105
660961984016404
487240764816120
723097821156303
363270137175224
263988843780038
332157853871241
568736089860259
1457895501144630
218012708699065
424568850959281
955220687950786
1517161771885680
1711479255772680
443665676067087
255853921261024
973862862707975
299548360183492
1509230382662400
120389175174282
329664910569155
689816131054362
299505232544
374433372747281
715131035208167
414071992100502
535506846632263
1529499670653290
358483987917943
521387177904310
205949362890942
1876615789323660
284685614958849
857061484340159
1393310104045540
445909092258217
740520629352061
967428223331574
402908229851158
355255204846586
136337653376277
690146984445976
290228721135838
172752703307606
1685011748419750
1692120187686450
479720692110436
116213385153230
1616747008651820
362057187903088
153730388394539
717893581625527
397809590368046
160188784138177
313849389004164
261095357599714
343535106044838
189771078028956
452394464966117
313033465806740
1496205650622310
713250975391379
822839967807007
162770317415799
111467022853559
205316802939048
1736970066579160
316465648509305
288832771737887
198898020458954
653973481294333
296684644109476
1190531844390460
738811109511959
290388251060543
216336361874153
768791306657269
515037255325537
494953840655803
765260376885503
403880299752316
1674977752737950
412297335544010
162800097249100
921219261270459
838556736177574
461741067246433
393086007830623
426545121050408
110552736001761
403211146744649
421530148228323
1145618712124120
329185140763660
149475822464656
412606922090802
353627735029018
300164726723138
493443654158780
207553626047865
163638284560396
119295441924605
1586962578189310
599628803471778
598787086977312
882967658430721
184295661906155
450259621795990
293768084159517
571699129884482
883347835059997
211098649259878
793099764045116
823664714348873
1948580895372200
166215906918284
588333277949552
286862358312006
51075289195
115392205326585
511014705589518
213198475706359
505445996269550
1501680800159210
269085763482949
1450701471833990
100481580598037
190278584672147
344550209449083
910789665612398
678638438885634
311448945653148
286489898194412
967664846706514
851861598158736
82286157012
256506321136779
211898262658334
227055910829352
315246065296659
587806481229657
281211985588729
544538768922173
787789394579427
228190290951412
683978771647309
1563175517320140
694117470738953
1415150158795720
549777541838165
984807681532298
611904058961312
550905478390099
346802968778063
772242516245607
114770022307575
634576709989670
162205097254936
164397050437065
217358232002993
781308528611443
144489172684853
152880808194263
1489625451303600
547818598604186
128866191070349
145769428966493
157887971383559
986250571432351
486750188123119
246478072191591
165051416987534
583403375202237
1514522885429840
1546912418887140
1529974277219440
1769407456663280
580583171954528
209074729967688
337058873137225
404588843007266
405728809601082
264970363838157
461541914049509
359621470829096
182152095719959
1549584811951840
165972246937477
1691295214514400
1486721481558730
234143290102103
226532294224368
889261321158637
116855481800567
567337250108182
1912586612353180
425229467643583
861587567261268
336814246420752
249978345123454
259008877599317
1183923128403730
435384676548693
690919644272386
356464264450016
166601513679632
127291407441562
255656804603583
694426487324201
520131051487235
1603177593283050
211142032374822
1417526988355820
1503711693247500
843427239080579
132029514137407
141902895962377
326697297537156
632904813424184
181498668923947
505838746222818
267237373431297
353150591848703
564871517371081
249673012104709
835117529844718
459470627407885
307710216229729
698916393612412
461465053929744
443191586018104
132849946926157
236739650430406
253313451451023
590669794435448
574892495876099
339759389702707
291498561278727
469026203205817
577978722279629
732309123448686
1383901138318130
903590876352456
649181655245538
306729379761927
361061017318234
900086333342825
725608927475395
291379267732827
779737165409033
599272083500923
1408840212759000
153850388136396
795782247115442
203811883319945
266347247169246
169630823744404
458554690961480
759662870762364
540574712963250
2054695247981920
198157767338979
784012071764293
439942912867157
1469707729760720
108155413215382
207896975976839
865894736912937
377150089156757
256364138200397
375043089268543
2140238792758400
283132335359011
175255762623012
245478752294342
343643189416788
611930872199247
1115741195142290
835064046588055
1073249442760730
653330611469243
133810910125912
579227102187129
390604954436402
508319515876419
859055767505846
790775957643672
332679606748048
223475167856228
397090804046190
653283358048761
832593290205076
204859853332673
559519540921387
958495334235127
270274969826088
577813562414236
350551138450151
413827038684377
467734193300925
257840431394698
469822299826797
673520552838442
141985019287307
190329041140811
458759450890769
517311678364214
2027629300852320
251140928586265
708023775962036
480864265345459
1403915439878130
181231962070553
191566978191810
1805604156324470
1703354616345980
668907739943750
428777003966550
941736739325439
437649139684777
140714456128199
209568069517933
233855910102025
788829751208086
609624969238046
616734738469807
370329533095214
622521427888620
130149553833067
549696275233204
556692427773057
262132434120192
182483838783256
135583810395773
808562862626182
1602880259994580
2458568224213470
701547523315854
1247528228592270
315033235306756
507029866074533
200255440436045
220802774795239
766736803365031
396760597097683
218102415426277
569100319856001
763556510333702
638929229613517
276503415859289
235803106867033
378381665614392
325499707820124
465036630333043
213848575649084
244049526220617
325673327566071
657817631003213
322780551160771
142771332540833
548012091895772
940362995985408
381525835386593
177766339285211
644561398900229
686446064817385
512040738928376
769594566523808
935324879969936
179400512636309
456948551053490
529048757209073
193701931457370
272572972856099
608584672577255
531957206992010
143640369560731
678691412219169
954544361392769
504174232946165
364739793676750
516841311673039
433459286713130
208033876010450
407607586007256
913166192131622
525085111312501
502721959805746
487699031377171
284366498427728
821390781235262
1888213491456570
361786550581169
397007276996670
867306406691508
246250842462536
868024253271869
136681739809626
1414048092216390
793749377311059
206623833176974
558076367691495
1564698410468030
425331501158105
705118429607276
306804383100915
164359990719535
267004930117227
280400235503007
536955533095614
540604379312738
463289790489647
1081598821954930
841589292536885
689853147824751
675648159128480
1510640345918260
790202641075523
317676141761477
963570397030667
409146369132846
766301690095648
195489730804706
180964025420394
319659318220617
1525261944386500
458028170903879
883217918371434
160675403988706
297803490344299
963872600482844
645886335423518
1632627646975460
397537390445962
327165821096611
218789341568271
280703969141441
269622866879411
1769506936605130
212726209204712
426536017692945
1659346994281240
616735501761666
653577038167782
529064227575394
560363154082875
241625799566872
178886889542678
481074672310179
628724777288771
551176094894482
18360017855
1847034212212490
228393730696852
463716196976958
604189009701631
1821925751381870
930721633644883
860044230755082
576364685815213
751699098197946
1821925751381870
301622569986163
288008768272204
497813637074823
150898152089040
1156933051058120
277692922691195
365314750235485
360628627763192
180329219125695
323828387787954
906994029313711
543457752498151
215815088625350
462305087197003
156753254535110
314052652033415
312823898876379
356878934730859
204979903005004
221976311338969
148917852433770
759791417532980
253451961721519
200641267092843
275622992593473
755276367855187
1712595312400140
107962376074266
334079513818295
470969906437496
507122619416052
143631902836616
585237275000325
262963757219022
810884685708294
376884202469890
422163761228810
132875827396359
662910080463108
179319222453638
164711054189763
942870432515101
56999644680
118946031777962
372048933630
102540356580343
437368069687118
168346380039601
249548201858444
228034650698256
1641363889209540
813550092180555
388273047929446
440574423072163
828900963849708
385698971556228
115769385705534
596464100554760
225873577931176
505499606301885
900220033459510
353715094807841
334341503602457
539116392946254
227116681183802
963364880534190
371252319691951
506975219648216
777073142304071
719908354803600
575108305863751
139141826283604
274562799296965
452427671473762
924379637649386
269186269854289
776217089072705
496432423804924
267171600317157
672070602855749
326419827473227
180333325482900
483663981712302
856563044374141
240727699459471
686071074791976
216229858507630
775669302474633
870776279672826
980769042020700
654923621201723
2135784510030160
773812875972250
426396121032905
285805698938715
136435096995409
453765218123619
1644529789126290
320039535487037
606252639524536
1411095429178430
371225469738813
132526360669787
198682883665261
2079640325599730
154028231432396
272250963219731
222861367862386
837435206338209
181076082016112
182232465288103
644456252276385
588154511223518
200919483347945
262228837254853
223020064555532
718931821624302
235025383630753
155567774634371
305755706265216
1562578743965610
452370444876480
395017524014098
957297460969060
208437049752350
431304837050623
942126112550046
1655317384740100
256068074533074
152423408630514
1378592192361370
107621422712661
1512753809017650
218527521678778
447063062007269
431442626970662
255925534485042
534723389972123
420900538017241
708032559221883
497349690314722
809778412398387
885726218154062
296212477500639
429447084105816
450094875072016
663621980703594
260367850814644
441958639182601
216613362173673
287932658052300
607873179293525
458887150788580
102732913507052
126936264534130
321493704684053
300524463381349
849639155082517
217657925055135
873774519371046
189181648347344
894339017250966
185735438227401
775434205868681
426622417531880
287886535354999
196692813744928
729815590442975
316646162131819
356244777871428
315588905292930
666705040445156
571239979634145
1615263715415780
221610895037231
491499424248852
263245977200582
1065283873597460
283471801860394
109932759184422
562562407124267
1444090092525980
214431255418304
316857008484951
931847870268696
421500651331797
783697401787276
477390712348786
739163852838179
487706088001439
700673690130773
418570688188646
205481323371170
429723943854263
105594483177506
453166808160472
339510946423496
564385210339922
500507790335911
783480228377292
848148915226917
229874234118341
198408923823381
501885966942208
397209440414756
652070108191997
454783148045804
526997654046274
386768301412902
450356978348522
1758635730819250
132188764073922
119863358188806
989952837724816
700671473387955
1065116420221720
111898629482737
435643653226617
239833346392142
137871196301932
471053956260750
208802875918169
424839084379518
404039593095600
226799304779043
617798831646496
478633492300053
707666846252989
123248188038219
438191662946993
769582413142908
1061676147216800
179139722219919
338726372946115
320375468155505
622284871482128
284103295408032
131942476971113
911577715700370
656317641142322
2174197342868310
351990821872945
1304844522862520
200349713784980
252121025163142
2174197342868310
1834431880212320
643704435670686
434462027110542
460304100714857
237621793368816
337547580055193
276093379395178
313219475759950
342403979494644
272905399508308
418197315259507
231988070326257
608274055941125
293575914184180
293081810845039
369675563478567
886197598101861
183433092051428
196195587515797
356301131236002
371860829657395
182280531927127
518307738271541
606904643024282
986441218145788
162917607642865
421394151392593
695404037262252
875607599153889
242738789229691
180634432531838
529496520416049
290044817799377
567241999964745
222250461464418
592277357598531
1210871959044100
630857096935097
880228235362633
125117788190645
403208350127197
785918208113664
594929840674669
650918811628729
297906577042130
496891440484639
445638215471938
571018536318809
560225517393204
840765446020211
140875126098578
169486226986874
374853916038843
130320913696358
652572714875100
417112728483691
783229055026467
840709176023684
725835017516720
627365057323152
665299820322553
319001368670146
546408322093826
472359246136698
363085780456505
718263948282648
187362261595818
369024123583335
478286932312449
774758016009332
198094350562653
458094027865134
1712598132328150
984157361722633
306674392873067
837857586391772
238615316324739
955576687802705
337754936375965
428544530580183
722826754504311
243564326030225
875518122477519
321227494655218
253651695142297
862466553790010
736280829840736
704440203043569
133557520063781
179060422234481
477464915737426
1134527266639610
238305366379829
876332602418539
835369213173865
565595740227269
278175552357194
468178166873632
885101161532746
1450284195232930
591137224260826
1642292685891070
678409515504518
807504492614798
1507678879446020
184674928736541
767668079917705
483351795155444
198238800636804
721513141198042
253819101486989
111801928989333
409916236015963
412884489112981
1416144188620080
135092913363626
136756180401930
633117306840859
140564066097600
365430263578201
243513465777382
198514153660981
648775838600586
308260886270178
491539447595755
464451570343705
442537162439964
620871797976477
278930382265669
593563734064450
115583852474569
860520217374759
324405820993467
1839777139640090
420914754731287
210423879370466
360847247737505
187371038872626
994352077431939
295652373928257
304348103056681
330457034036326
801403043381388
292762551235407
691503227568860
106163166615175
442444862593605
723171047798058
849250835260027
645615288847143
894815207302015
1782550092015490
895362833971184
816052458485676
477855278903891
1661737944059410
782818291766868
1625811237727810
424163804628076
933111456826686
245281409015124
234545646734057
469564816510030
833095863437436
193491051560400
1118593881521960
147449515425470
1561875234034610
888716981220245
276899085687821
963620197128607
847608385400820
1596002630467940
200999980415052
403825943127396
249442511875109
120758361593466
366761313733301
788620401199894
1616555888629570
704036513124738
604679059710880
507331632659652
841953489265202
179457269354979
182444165495519
582089668545218
177445362836557
496282003760868
505627839499760
386886964699853
1144349545589350
303649013115422
710867372288162
179112262432141
736908129655756
527198794004813
765542920198570
638502246257630
1405817492868470
872552406090698
1471566046395080
645936452171243
263707114037921
339055729578546
145530832316411
577102892432211
729112463858090
1657768184313460
141509943097622
449616395239693
879410835423826
759576074099799
403726833485205
350611438351093
822629101082038
325951164189067
1233929496663830
633672183406922
508634182679255
1603834589937870
717337981629159
117565491921411
346456905444914
138166510066377
538489116301648
151117085475943
623411387672095
331641336938954
229071374296017
930915613618778
151731188311123
1609047036041900
140274252811477
122951268199255
462776413904975
256999451336153
705094632874991
439998539367587
1593297127370580
544631888889406
188388997961744
263778497164134
122404605156791
792417540956043
476637005849002
276834999145978
370483613062880
510302215668173
792637320877602
475560542559123
168882953469146
206002450182983
1011640308900210
648237421944874
818571254875045
390039354441235
146328035911853
268577546825541
503114646716791
570352019827399
454101561371294
241394059358636
745635415503347
613455592024342
455716351245198
425307330991480
385082488622464
451382931719312
459858114099526
550102815030414
492065697941040
439525229517808
786622458085199
930645703668830
456731971184438
423551061165987
751130748351523
654782611286750
1435363333451880
188604131198664
528011814009779
344267312360838
813572658706015
187468404650545
643314389341841
277176336003353
631162053568829
287079551426249
123976147667151
895907887119532
677400495680345
654079551445248
469721433106545
260383104324161
497260823741812
538809982939516
223718257834527
276887092487826
915696995184027
1036122123081180
373770172956386
1386159821619330
827458477264295
444439475964777
781794931972627
677702369000763
291801830986966
730166697035289
543251562444268
715286905214394
511441265559595
277643789032957
227251597809238
615510005211464
733598590050600
534376896895869
255064011256956
267479830282441
532812810239267
560346474039037
508528579204631
138382816502771
441125329311647
217637701714025
128500094012822
588489394507960
338100589550913
236130806800763
530562370432862
495868477261883
1484686618491540
401144643234684
1032285820204240
239759836234239
415602648639424
361511164211161
634932113284182
949389288437537
634451129985766
846612548752834
222331361500001
335107746672603
162677263905838
263360384070398
893567400654566
1424126194499490
734666643249769
1629209893982330
449593878543639
348381872186049
237991819906748
199335256902117
418303065022872
835085663309597
242823789169527
948904941903797
715169468524495
343420612523218
642611945819753
962829697138623
953021258168424
435563959854135
189337658121778
117376108437702
158109521460687
1777042835944130
357780915008864
412796415803460
325886351278965
262999337143063
125697874129921
177306819290904
969524726424531
682465228452331
192526098054761
204709569862203
1209295105801230
674953705852518
641860629303378
630815303598895
125256960964020
554238241352179
122382684558749
533254740155824
320750501602246
652306301592312
902116763238423
551981194948476
529517987109371
390233371351385
204897026652040
431435753692225
450992341931984
423444047855782
193044084731865
730289060340640
642286122558258
421866181214814
390126964384888
409959432763737
631417143621754
275695145895016
475188873004526
468760966545289
504953822891627
462539883941197
439105132842292
1455777191338920
1684239448457370
892841900758971
381663141992028
178022428988661
562015590568224
332605257531199
258619184290650
237138789803493
857278094292775
106363696137993
1386242048253900
600810726722376
2201241956802340
720707074743943
560147884132438
747658732042916
682089041912825
430837693734483
282381588594678
397583197271482
140073026713335
810606942367721
428758377187389
102325843161435
541562405882827
179708198894845
811350898964236
396665923778151
140822686097851
145812975794024
792470337510007
202906793231685
802555746610353
527152743971041
1545247322437970
750977745105088
146599162167296
1464042703837360
223598941168555
206808796170141
209247676482443
399795063442490
485057418207289
194737014297626
471753472985121
1560738860807500
699304893429276
355660011570915
476173742438750
622404254439598
176048846437949
114036425417058
313967242350780
576322252398732
398476276933734
545750752133587
506069589530102
1419282598321110
1444399465822780
181394385693401
196555123826824
780863322095892
216944315723530
476384392449355
1796994216979690
377890475706190
1798062333769770
1567519053475640
521615101289248
153315748183290
436001739830621
177046245700899
536611696419312
1455556578070290
591419310868923
402624856477285
314510658742071
555035924616884
419109495100024
1481800395401690
502773563123581
2154849894563880
1524889254410880
520663264625283
724248317638041
2154849894563880
303371106922094
135959023728848
340575162806087
180662842350809
546440028754572
271366713359335
142064523060986
373981345994160
158442111480886
395733830511064
1397396143847150
429442103818664
705032899697923
680620202051145
176562242365881
704193479598030
102424156998302
753081461526430
673189912691140
597457530293917
683754128400888
250911288365510
278070206053448
356313754523424
919060434856127
688183334532271
196472217218972
1505921549697150
892835267463428
635244283206102
198817970129099
140025959468628
370907006445992
561737843957699
480929802007350
750954938279899
713618222153431
695943607170895
213326138703612
285419124963769
102586063513420
698028683591444
152317895340489
1664492796929500
244967659283065
537035389818413
176241006201548
364874970613317
197641637745533
462227700946209
291206267748629
587950737972027
949288781881341
515745461909629
553135828124728
976001635828652
580016808810809
622682974460063
926867810710670
954917914520598
697501847068784
907955075910002
487726431352762
265710916969995
702246556538796
1124967844202930
325355147649754
308809932925766
2044321795836110
244767719481821
226605984054828
178405036103218
725239910829308
391161824418728
420008048353418
631420570383142
1598802663672960
265089830578838
724559894296209
2434492919954420
440086962722496
378906012199476
101090037052390
199495644197062
566342460431764
832179903537746
408719735830861
126536190873709
1365709000190450
435468136635275
338397876284709
733530750010840
204336773312412
416542238463096
477116229035236
383124135121251
579737755388576
652686461584112
609996612444253
603429316480341
252262271576142
313513108826566
827286910669177
295312813933967
504112389656725
908740469224172
260837530977136
585484644824963
342065362670548
330799050380160
319547991476253
756542397781914
252757574818973
308289929345665
606395859378947
151785708351631
557975857623433
280702595753041
1436787696585850
124025154457162
2102858753274810
1817943025098650
465282863632300
619331334775778
1512736212306540
961499477251390
866244983521458
706729639413201
202114470134549
287137674738418
760599850704316
171374519700866
702036319817964
402640463843809
497895017014641
432068240302837
338800006490277
944638692348629
136692149842621
131221310856146
524659961313411
225075081311326
369145499917058
736393803058652
318979395268456
144225922794154
540598862707422
176588835829760
612566385429584
1522587627960020
512802202238565
817821078292590
135395346821146
237036146501080
508456795853710
1039068682806720
346381612417769
324591538338474
479188712125896
538978002912286
531409820319793
236477033169705
522349897846805
472251072850170
629975917135209
459989904019422
174168659422331
344374992953784
623173557798133
217475235042052
177543722844036
640315905985852
219899088470040
411258459265053
392038884323141
1427318960862750
290106128235236
552915731757707
423158777729623
282163659323781
476400289041248
386621018191174
820963771343580
501276043388076
225190957667610
1538611679709330
826044650860343
130291404245674
1324458744308070
164204280438611
1430939940504730
443514492363660
810921755612440
390608754446035
654445434607538
884800661553884
830556773668067
1426993137539670
143249385847113
681266702324576
159859570874226
427444824082325
494023894278277
148843961942829
207653226062233
515823408478400
103460563692312
487311831428817
271907666688983
224049955079857
812562798864242
215850938874117
428674280537996
737049846358658
467758693308186
144781669406528
204589599701659
224179184373332
532717013515862
228786217593598
1094120583951290
357267737733498
102012199971674
233402173455617
351950478260923
263406633764528
170774150051291
121845167981692
342040735997418
739981026024291
1526580527668200
361793980667177
222061561676144
249103131818200
187910011375494
552401338249672
546298842133147
510410495804483
728720670472334
1111547742309360
101815743779424
1389353807986770
113489488822757
509867002432949
543506165723269
720843847964095
584776095253723
453201664754779
465032417030192
364840910292870
921426777976432
420527254962012
801217183302419
549732011724784
152423101622217
423778544405554
486845828150181
698426063622731
215863635155306
224361331566821
859499460820349
194583727585026
365001403613675
278791385559950
250360485136549
192744594212208
142475742543344
132823613817204
957221967712714
140892839627509
100271494193435
287916198021086
402588783129749
590659964372266
177290572424746
628782117136169
306032306667377
261490097375870
502915596444638
558955134134645
743725675740628
180419058816530
400778633450706
813410438742167
292697004500628
211317962392030
462729080482878
675601465788742
177730172974272
221021188599543
747601898691628
21392626715
166053664098955
185610152261563
847551935303616
1432163670357360
1934143826646310
855696101193277
1032294813478180
405757679809303
139946890208528
295410747232417
376939502463483
511600478904795
694248991039634
626919654085011
169460329876782
612629195539066
270184603142968
433421447081769
830333570315393
220562411481647
378373925921980
328903444207378
138842136211820
535558089803809
363251093814715
261500444557849
535284276500026
396757110393430
134348953378795
766502787037095
502349703222973
599342023518828
597479213693606
572086506237059
1551751998272220
1816996298565150
308469162921491
801676586524024
380464928792876
259450017419911
651195658334875
324282121069519
757196710993107
845071642185298
493187707554115
399334883466636
1512583382298560
1664318277131590
726651491035715
1419212371697890
985133304838378
511377912268427
846002345464459
702473880135235
295944597425118
314386875340465
297400246991042
276914909081256
233082830168923
301707086601608
560270787404579
160940087923916
273379589836527
954155577979541
243635002862264
209339705783384
761954897180076
262795724216191
215627991915327
808356402550201
688198108042469
421346391271107
941758652595042
208869692525752
956599861064965
412125282514835
1139307056197950
536340683155104
494949783936673
120348108458725
880181595403462
510919962441723
472400039553828
500531140072841
304464646411081
862779070406834
615667895161219
279554629463646
574050522606273
464808503635300
123757337789012
255134931261461
170440016821477
556398914416618
441566699334191
1641376462771270
248675831955296
1442437402641380
236280963155279
252588221759146
569850343122648
818622341578533
138892216150744
104106976741972
190153931538814
316172325424225
1524632031147140
131677260356440
260463410967414
309234989167734
281237522298541
144859842360549
520532501431501
167015020684227
435783007176861
183252085208868
631284304000444
891789394247842
347619919011652
207536859400066
729834710711313
661329643977065
859113070849111
942931879171998
537472729638345
102361263560153
151869815010111
248466985682974
158454357674278
555279894559314
197785517350316
313174032210733
616669081742249
537923486416590
445662465461123
624228037645431
529335297150455
866939320063645
295314417492688
147126408762038
740305552814752
744890742262497
118742964900586
598548573503100
164494803716141
391303081063227
446668798710938
1570969309826130
430576670467957
387718504640046
446675655529480
225603344274073
399414200108826
731096860380321
221810541258456
377344725708970
223176151225672
715410811846351
232736426892906
294824474245752
677114585666449
907522146027060
451716648272741
811230035574099
749558655126736
346198839190945
340781159398760
740690366300359
1717574178341240
277116355785125
317406669026620
641567925911325
270798686758576
728521913872054
178002402951715
162794950559637
183498845156919
135919680409080
548538048597091
120715901664653
128240117274602
1493677124287750
462282897265804
945093475644919
424971397633888
984508558280992
530147273709707
601087073268671
636136599814959
479429078758311
2104969793061680
215844789316432
2175616876050550
710905385703649
140363819452455
100447386953350
761953557177369
499696633505398
241646582700886
1013762872117470
704642262999077
234775543693791
234601047239913
459577154106169
248163652187885
822960211131504
104343279905849
304479776764263
254371488027631
666003863568312
155843714587541
982349865118165
155908638426513
201260913752722
327910987954992
383929321687618
138421152969848
635814429815729
305181353004956
196724504436339
560987424018562
297852327322215
303868119714837
100586170366396
691316427698717
665497243557405
1374847426156140
569460929754112
418450764871490
168644419918845
1796919473883960
121295601393600
960088167344521
470253483057898
217012868495135
622295624469626
829801460438473
682865415132745
513216125503639
229801403805154
1521823424730020
550615318382871
319082804853529
565296830164915
835701276608960
416310378466839
453315434716407
452501621546233
132792167394580
262118973903786
638597786294264
489739411055294
478203675639875
624645134226205
126340304657474
537251126334024
478864355516389
845464818878951
578202542208920
914081038672334
1622475691178090
258334168089803
528461890598768
135982180383114
1400165573535980
745444582208172
216206561837967
414710355300084
317789791677182
538441319595235
931059480374006
271777730251712
578208725541955
517511875289048
360511237474737
347747765380509
349901125435419
693873137319038
810472138963487
611023115624308
1974574792860350
926503150701088
165370604018925
368402353285852
483884531735088
301421113293251
291463664518772
407644389435740
440037299424562
145900912247403
2066846423548370
299893583482338
188280525204965
208896732567287
573177962878131
706395466078235
673931999312545
168275263576294
1847138428893510
500732176772310
882716871784367
100137896831649
1936557449938210
455175098156106
518253828244031
110634295766068
262248353899965
741809225884171
129094780598940
1922822634695010
568174799951693
394307824037236
490284324699157
249699805191895
190158451495661
263975360633036
234922850304166
402092456570688
207713209719944
146927445493030
285885131575134
251216675288210
623301147736198
358025138365419
286580258398411
391964097571505
532755710180691
164578350374569
299996763872854
211453049702393
837767453046252
647236795351111
470801933009351
1572238622807420
468567053221468
217675385065880
150790798405792
470788969665289
640130599478490
258108380978291
1452832214973610
212280115949236
242942572857732
544805902299221
423350547702589
296494033814172
472421886277015
1471163643113120
551411448241301
427192987338805
285556065169713
217182762135483
400284640054941
591747404203476
221950265312783
395449180569705
1788162114847140
1616010558441610
629547940423762
892404377538134
320238782144554
481337751951252
592735144130986
2090773621186210
368368906594623
128550101043173
546972265485233
1431931257048910
193488994592239
316729275352417
161897500665241
747529515401725
567280480045705
585558384905455
299412820120229
608679759493257
250617725026714
2061080697469330
336639366457584
265403037212239
1674403166149040
623143437776952
490480337638865
205847969591547
1998538787047020
595487823818517
383453621698654
416452085431799
164961750853611
229755660515772
957360607629613
673166676112668
1884352425175940
582038898586180
365954163556019
381456011985487
843761089010952
293211210873983
1360274750662790
917802394930478
202003870608827
192995284168269
1735540383331640
319473114888311
395400540509103
786912565006112
811765308974716
759345037460776
140510416098595
347579118771383
1473798552685120
178560232564062
699960913371411
284476675282613
311079319761850
422482381160371
933874169961939
394839933893154
229361367666799
681540408554900
150696762248645
321803971574403
609146435800922
849031551837186
250973251759107
532520120282136
296260520442494
296121017215248
2195228777409990
228744253834937
800080270045371
797735233647688
262188293962531
308070189298956
547393298954929
144953016203435
536631083053712
173517939474409
1919269354971360
490607187681057
486327354745492
221042174731135
411407768939158
565052276931984
245266699226118
234110390039597
723158777758435
951048238273355
574706722657464
1532989730262200
1030369383707600
202106746920980
510287629025747
528949320489844
183797515426492
341779165987391
164303064238478
415128421960918
422676448294013
287927151352197
443560215664126
571198066236340
487135777998068
2375397146
618603268229511
285305625198633
673239049439730
460707001043116
661431080620334
150126572294333
124811351012671
1892888784335040
633148596783377
394795660640440
696528317113223
577771252303991
271697453326520
386010184891463
281030559025018
294465290704549
410905429386775
1428907317373670
477653185651472
345261548936983
372659656213455
261709157602388
318851581593304
313115435775988
310028249102385
856830314520911
340692076056662
436712743042774
124032024413666
444900002279112
1550419521914010
984745401613855
294636920876783
1423091611287590
443629425719759
621874267835157
215380998625040
673355379443034
572423719593286
173480869828606
144704695713904
477873492245586
275366155931158
763380587126172
526940923985274
775785965928031
209030259263201
447249602032742
151134555037697
331073267065512
298775353664842
656348471131624
1798322773735970
1840037206226170
1815879065375210
168547473337670
731397190253071
445012062288555
224680734625264
650532361721180
103628803562217
141344266593592
757712027579815
144560982416029
750474121738161
728954073958933
152740794770127
557986047643709
658595887580730
805440182799852
234180126685669
356426047818613
693728290696520
386081091482685
777697105674320
520906491322601
187778568086451
282668489039891
585926351569680
192964221193904
116345235188714
190356168255068
227584794066724
457818160948102
666640710079591
309099255852324
419726754843769
689315824602425
172780073063809
854091204615879
544334922284433
359073607792947
1497443620489710
470691842952836
241718019219812
1403963539869820
361062860907965
278038002659360
353312531442754
644016092328921
299114880467330
410703082423123
548920298594557
153193694852743
895970800523312
193225408265328
190267167971745
133265914014238
745510048938762
113262919375712
384871945055643
667492779951229
773848899294717
260120964162684
526874174001522
225133690971636
411463622294849
711529442267924
113088769274327
834395426578810
223812067772896
431245943654480
767494323315481
310381235792501
300408423448045
305738122936521
237172953082633
1956024511075010
268368606512045
893798157299436
205825829897701
486884705018745
395093160589674
596164807116344
1651106001861140
312999478812503
336046469916454
511258618962696
937745366251142
524791880981234
256445278608534
425605757638717
211537225685453
1616120698679170
720622528143871
483639491816104
279607902176729
1386964898200090
142235599269056
706574842757723
462009877549266
361602904020877
703935863294837
178776585579387
781482301882684
348263285536640
189087814575534
313848839417687
625001911023582
659480830804867
671066366325905
470801849625076
270432973569709
309593432569691
219207424809040
815348528486787
186475441512657
587024011404249
524256940986924
734580969988602
253148918192452
958697650945967
188850541126230
828267470693232
360754520735282
960105067354307
155798474595630
165256411692
451097254912071
871957976161492
450552798380772
134774923797231
1688106558136950
557015981385056
248188868651912
551223914942853
788687261181744
739047116231102
2053522118010100
351581454952854
194373864039544
290743394401223
464124946932767
925647720856360
202169980297971
526229534100194
125489490954948
170893903507859
318309628305183
271556253201136
589518161095279
200077630554033
2064104697174020
312847039377239
348373982025173
575697465815264
141577952676960
486591711410155
327909987391290
369326610067328
208374416596710
232975283860917
849239848455812
161250437715512
114782089210609
562833413835964
685496778277312
533888623326157
903763863005722
702679199780137
249252178516450
309632062489219
516012285161210
161685441071347
907149162793724
460630344020384
771589242892130
345975175782221
207035262779735
807594172645478
137036043152838
800355773405910
174712046330675
234214563452203
906330182744163
272234699553035
429209887454972
187957177979872
499988396704337
454087671416209
166594820151945
183647125512794
1576769775933700
416286125135295
299861660483203
210122042681669
1463116833949130
350320388394657
506159732761231
631298760549396
171943726784005
790342534377602
607965109387140
365258600311837
534981866900670
418422591876055
222143094837121
408035419295571
238311859675190
726987817495236
141848069286675
952835834913909
186954512154333
265494573896953
598435413544361
813975565430389
276477653112546
519856815045142
252905544754879
1190349261022630
259207707552865
524720837722742
667385893332827
127080239877
202619773207796
283279541873505
183687675136525
623289321215078
182680595200556
840105706025454
276112552529408
738679196294659
566265253424236
350258918682617
213792532119990
461476643963034
389821131378894
154639215045102
294474214057400
208192516004284
666858453356022
670337896377917
790196037686425
1735770319980940
1657399057869460
747017041988405
872208699502460
247889055615469
580671735376343
1348998311812530
487188431361215
444944158885936
108857723077915
527494874257507
494043233978147
525571927460659
183134592371580
508163569261634
409511792554283
552743175113886
504676226359648
430346027102355
1453881144689930
248234825317003
377586592348983
327243570714178
297072734498096
400873926620919
198844110280262
390911547933457
183421135195456
395066363935616
407918409326038
357025954367814
215601912246381
377586592348983
496177237160390
355314398232033
1124570971072050
391037157727116
853583291441146
318253718714732
384602391619679
511955505492331
1336486833037860
395801870532222
168344876870213
507800952626005
556766407775725
1572427959657890
142213719978662
342577265845951
310639522365297
153256315703
839558466194993
691218667671000
301950380320062
534484583234491
367400173394036
309002369887619
968364359854908
1451982118417380
694484567367296
860453973987350
175835962568860
314765882317248
322758817890117
192307200852015
338599260106139
175312599653334
231723234112322
523947104412740
585864054870182
204962153024622
1364294023627600
185308115368671
708021372642291
604316062923128
619387864925384
20792226070
185524071561637
210269169655291
251115348430013
1154402424722380
414588575641830
785264578193742
145333559006130
132027916968626
152755538692297
118150565556500
121841284637772
110554756109085
178068829065384
260104444592951
146505435499156
696586680534011
283948809113831
235801429909131
654994924526222
792087097641617
157622538209495
137324936844215
294533934086284
1383023205271660
605989246100739
133461047245756
246867298786130
633153533691259
187283994761343
340734513087094
600583903413175
288889797951435
900030166702253
505025226176845
364129143947098
1841232909537020
623717501081650
1591181607784430
801981609844739
429739003748331
316531082124203
144340765728321
241547513062170
344143885751196
809966362544912
581483085226795
551132544930490
1657609221181620
1632446870123390
867726383238130
277332029057306
407706802961623
691149684390599
254676602043865
312708152497961
229190821150296
1435759653220020
533811160088609
226386314834216
707910002648845
250337055843510
284847538319374
290717775166776
887202434632491
492438350931781
211011712394266
152609625428485
327946257653860
915563218479887
124207128231145
1784133445138560
491521470896360
719236948136139
288405397970335
498352590260081
581132788583609
136438326900911
498384710324271
438149886291965
697110717041589
125259088033134
437599606321623
254725164729717
213267065697145
352716331809931
542173912932341
794785310664087
346058672252115
224214184369785
174104593098255
359684244050810
594119907340506
122120441293759
355492741202949
841937372661562
587727751356409
158240944889894
934699846650076
333383923780533
1803297253257910
200947427259203
279372692528419
908502352516726
450230298660823
133295880346972
345166068994254
260717441262819
154105831435966
647156915369762
297908183659443
150213395558868
715148738535032
607861415958945
376523539047357
564885420279544
687553824722432
247401716068899
366823126740658
492226960929791
219562881921202
102679580071806
568968246517948
159315278022697
1484106778302590
700667679968572
103317809763603
1750705871835090
860481690744724
434181733638121
390301504391164
129881104319429
657330994293335
804200556310643
242364852833465
315552511986039
427258014342685
842256475908411
587840677900770
182880788536061
503843516324664
322425854592184
488859351299630
765258553545315
526315017425787
762792987137048
457625724302897
492784230762506
247013618790072
540513905964101
183571355779877
221758781519275
611819538922884
192783627541024
147697052073158
533929196653161
159107108243219
306459606768688
222139671686253
183571355779877
1156418584396580
317427658830795
141326183166990
296496853804258
111991249496112
1401164110106140
268078516908685
110592765812876
496554250466720
503779323152848
485570994880442
319576315089255
453026831792766
433374266724043
172995493357004
525388067806060
2046415388980160
279843046294403
154028215278300
998462110303289
1614774528750340
335829629873246
415297495304353
935978206536132
282972691776961
150541088628521
1410122792417040
1214532998703820
808463342642182
494886420608881
452085544989639
349852468451538
609554759115505
298264483688392
590163997856665
503948796473497
485774231840153
221953495080074
609341182427598
106520086150160
541201919560872
409660359112235
475697499447110
297055934465317
510456775795128
385023951615554
553408524868330
270139599850174
176314253141705
370792299737293
494334504005831
189943437813316
233907710678452
743642349340826
617884238288731
418748221489669
222097464655742
1626983420866210
160190097504743
565805780112322
174880326033555
501366439978810
606871133064601
632344847107488
420622021283175
661545887227192
325626578284076
533348416736117
387952378209940
335026483308751
305718176437853
605460036318284
450891621651287
1057347651025510
484633791648539
551212378585804
454430367983654
596291897055321
520024095001245
521945631573418
811020838936857
635116449959578
449973888466664
484372018242546
1777272415886950
710362395644893
168403159960704
151846391681538
476280952452850
253363055311899
822986397893731
381554171922897
195509603949074
672152246305968
429858313819475
111042066069426
1341877102633360
126428174629718
408970429171816
105520152956149
654584904601815
594498623896619
131790897349911
722496017918379
511800625568740
135003453661194
319511538239606
125669428129897
217779162276101
299526296912459
623445581080331
205259989659278
170022107188061
614023815417421
307085903046949
685716055129787
2089095837981430
170818746414358
614838602248014
719089928149368
521329151284409
794445870727442
1465793266968950
243531389644763
223656797787699
777670555721317
117617708756290
181355498655169
803289289710191
431478563665102
532428266814924
334350226654457
168435413352140
598106680373166
497051593812264
147732429191015
183393705141829
202567426949171
415474161828240
209124052825819
164105440941356
479048715622634
172515686239524
903906209627404
498340240754607
365832490461254
477642385661700
1427981144181370
594532700906703
386012328185080
558003817636109
962717927142636
380147125473615
186993051823971
819377778202710
387305071358105
587748098032960
943225745711298
157000968342345
353520458341305
131343380920821
159936037482584
446964102053412
196962494132589
913362475360277
649937511871123
617382524971017
448797095519604
494211737351983
876165019123676
417928995334199
599885633377976
190827217755191
661880690515898
370524396398659
1996018527285950
611402149003509
381830088629995
521862454523459
111347222681389
655245807928620
794116813953561
709433522412766
307922889561785
691862177569758
912995505553680
235600173594702
134741390488171
901402083236640
353705695481
748476035334193
1721836914735620
253973445031759
394325124294878
734186846763105
254227698787943
452663821566629
384111192056515
999696886759998
338162686688427
586906728096662
879401052194002
793499740797102
494174677697190
761776683975949
517918405275728
436922763126795
378585225636142
591390800935838
544782215637278
692920734145520
554695578056664
504786609666100
462833617241888
248540925580537
111256025964673
505956039432483
428590821009973
804241583047215
800623946655435
244775449334861
172407482896741
683357855037899
316831802135259
182162562376518
2055851784630260
433662290023658
437653766401448
1952926611657870
686261088151028
307715029397252
486400504767220
360963267630358
496584183807207
705904676093470
512941358823483
911013285626625
347743175588208
242663366291783
877657879065913
531955030482669
256577461192463
407183579386417
806197642746767
107047203070251
469316696482997
300339777001292
259194061277632
1977310582294820
314580532060977
674219669417151
284034495094944
497079993719966
1964643830448000
145201802629969
244068049128859
334262980369859
501925060011907
285111211668173
1480412165577550
196582674226238
244928125899942
646057298808464
237358746780332
124740634779594
136201469804104
674620882720065
808899655943982
431622533884771
175913772955635
458459260883758
170452383417181
528724413875937
461639264290688
314324475849337
106663539053
516465105085963
682942525119588
336646123098114
184044938765602
205795693402548
305543362978847
335088990312028
359122344500525
321380124580642
274312686658733
205456176459452
192925504192538
735023853304638
131458523860381
329055534209842
375747472558191
568667429862221
197686850869490
806165729474667
233891243752757
137340910284928
592107260988743
626583834142457
597269090428177
379316325468554
847037525394334
491984161285168
200375403455368
131009624137668
187939661805498
155045031881552
464259240310857
296729094057194
138275766304966
192298440909715
705144626312479
102954993593506
620426141387376
389537488077677
492993077492962
227441370716635
2347939248755430
536998403064059
152772021923661
321587338341578
206063826242638
432988833537315
494037567430508
364764447360776
375535345932425
1873986279589270
163374664312253
485374014937954
753207934858886
315819995264886
527325454075281
1580096172312480
697097673637292
368869970259071
619297681518549
847226748811032
989290797896190
212418332543333
591441660900330
156923458066650
530839670446974
868084293260623
896860657056187
837990766247526
991796374167382
716018948551770
254957195366692
609010369265373
664579890243870
157198734958277
831521117027692
303594466412322
440484222757455
544196142601138
315932275496383
103837483546522
640705462616988
351088432126240
1059055230864410
199656686794490
1975794655972350
449230478565744
180819812041014
246036392560753
152730288848605
838256669585555
270782306368398
509116815918991
1787137198252720
225464754653013
580244845652699
955432851184354
174666069837788
731625330200069
883477855015019
503217203090523
765930356908962
323801988374292
1684062088530570
2020294031317660
401442639894936
183698948494977
1420199318258510
979978975354308
400872010061487
202482016954853
384980665039969
1696779340598460
481213495683048
476274022851770
353929054688613
373180522786906
116720535526137
282192749002628
387880574637043
111792265887145
346232932677088
875404289161258
238247940073225
583280385385488
529412547232152
336489453179732
729599667083611
294796233997170
178453019632419
244665099432773
787107501360679
638972042976810
465501127142454
165967253586591
136543870407849
765619063455333
971193026230474
917324404978413
146901268775771
378429222260069
739475799585115
656984701138509
858552457585484
179327112191231
884402988346240
691655587570582
210422776357182
171272516708894
503395090043631
472244426541472
758327420947142
815450191914152
262654150590600
962059140522700
311682152295698
626442084148555
261392721198054
121557075120368
359985421094542
127606997854112
489145214595379
342730762540708
1000623220014730
582994388732285
529566803800459
279208675547946
259701150823628
761520480652648
130222267177911
319671591446836
247634212395252
119600765366937
545858015928095
487142054632519
150500725740079
284951008275113
587878364688241
896090673747730
159058844117882
284470505281260
564315070329386
893063780810437
544167202670164
735938259787908
412968425424018
394452467422197
337346992971435
586007831465579
240509786150277
602044966870408
312121325951643
405343962955860
597310317058592
187075275236466
222540221200703
297038193990484
632973506894677
901442136544894
525286687597550
872661759435768
682016415252969
181787772679325
168180513632704
404355329582339
568051460030158
326231897563864
131949803649453
320117711461249
1761581637425120
339343210149121
118367628657387
166614903856937
780179608659492
270922243333074
155998104939733
817296405039671
562416254122520
523191147841737
636682396397347
684078845010910
476941505692855
935483083143347
711900235606305
628982853915312
763487187123049
417958001592023
344654125717116
339524402837195
101325480336744
852417891465982
308697785990885
171841600231626
149543281885292
647858371915798
592567654182545
242393689285207
821303198054148
535047483182868
456573404388011
429118320471209
705520506267907
330169700511979
628007913976205
480910125398895
246212205562383
492412761133570
362288754272227
206447206132790
293205790889770
766595330028063
224939957926887
526309044502617
636449449723708
563138073873994
277308479385603
211430646240941
183946318466092
378605142623355
217592181706623
322943718071124
596371997222101
877318049011690
170632929751440
421922497972085
689756677812140
110343359500088
845498832205380
832295663487238
487395361612902
515164858572709
342724595820885
473183259687576
711480248905294
709142185822518
1188304017852480
252871518449373
518101861681422
325031347638850
339844966383944
553552078105636
1116513721808680
730726693668684
539534592892385
187630198624714
162727580841448
747644248607780
539188152799425
851796448266415
1050288868320580
304430686421650
133414646822592
743167489132479
150290355395804
269465270098063
248828572316134
535394956536861
760327610832815
489882854431684
911911408895577
1150723335078230
313323059004547
611778225644663
1728650583833000
560706507455264
1859004584348670
164100390675085
670910132958394
581959021944156
109799792400786
282218721955517
578512582197491
271643499972492
661555620528582
221076245093074
589213074553237
452609761609675
310098429187753
345319085926221
330135173709392
190531971038271
294730723878655
968137886560920
230074401066274
546478508873921
608089466252712
698005876976118
255373124942878
706412862727386
177241582980252
320842778090865
189568988219655
148391692505925
654764201371580
384273318697060
573369882797642
577667672253045
2106887742716500
659313897522625
248310515683904
136029139755344
295253094275175
242813842940804
242898542498611
417716595079160
639983339352696
290116134661595
736916319746108
571467306350305
163092031043711
870355423110914
338221082959100
168098520038607
243083933050394
400518323355874
556896514434982
206608299749580
163826867522680
1131636013848910
1732816693616090
798440220349775
715730895149902
200783310644285
188314015100315
201144863842898
594898260665954
300798727079411
251630132103118
729344940546122
252393084870146
125931030931147
258652687652141
218269108355814
170698346802109
579040332472823
1543910172513040
527001617381893
371405863039522
527699640701960
517305912105404
496986490435716
250105668957353
460994197435151
434677120345345
210664986012015
255707171789604
102312806540412
717364881728371
253018178224585
100958773687307
153423421524402
850772778421438
946906218661641
567210363301924
168802060260434
309113785883117
899125823811008
474006182702827
277145152722797
630667983685632
583689795143075
303109926562078
998477320191792
623865004300451
295574660871406
256676521464498
128773964157790
586323131556956
769037889965600
328953797298577
119829808682119
645728805825733
795176577266792
537532113110455
664729150356358
932463643561863
537829912956819
982900988398300
141712623052184
261046610706331
298192240337662
2076465269331400
198945286925427
924903490856894
521968054914843
142700772567946
268863699929188
818883424947583
408035486056725
133471547292492
376010092491758
805778816109172
938861099526861
228324437295287
517590445428433
679471195496988
306961483065404
514683455286754
407705206065912
191803081392223
346630748738059
640445112697881
572514199428823
116059655483892
680103098794069
491321517908219
260580867651045
152577185424450
773372979430591
575339779326718
237888477155242
356190198171154
393831654287041
160241414082030
209567399960243
492071160948279
154163698060707
967152286670381
655706117964799
705675612788167
244056436012733
645027908843062
216250325544498
775555749157599
243990646400572
175972839522531
408011992734279
331273627060844
840952395916695
853970194634088
181987585689751
148684109040763
728007890622826
233605757008132
685513294813130
2056314514645860
710826252266941
412101668839281
212051979150415
395522440547580
311642015664347
569254629929608
102174763989645
408327909365157
938728332861168
401008556690777
569746373465045
556520594726308
831345970281384
302654503497634
256825131442575
891625037624596
116626152012783
214740048693700
1210073429062990
572297139540106
405324636242535
118088888835346
878614865582891
161324327941975
228100014463329
120742761375661
196354910495406
783066861707365
599636646716449
337083513392385
607792492740003
397852943924439
126573241430448
242754376220454
809827469087506
648343558619281
449423035118826
252566415459654
330962520594927
123745641299024
520681971428707
494326194072523
472262469556977
195076187296699
508985872499828
461942013887832
987832017893871
861909597239277
629076830521346
482470845449707
841796955881763
273854872640615
545387779216418
568570366826257
519655611700644
284632755062807
218020828691549
718664048279964
862566717208800
425489214287391
152719228514595
152990458207698
848968835134730
634964499891836
946232602132109
211764062356835
286245034863347
655826594433735
572145662990313
790888364306024
234373586754536
674119179279941
629664563887056
497979503560128
190768384761114
245968282787720
147609152563819
365585256982553
177161112395036
545535785602441
910051085791838
732228246862836
142447223071384
523805081011230
1069521906573110
259347247922748
622005044610800
155683338439444
111301625948881
107080450001244
254845704600088
474916052876971
421087844734867
319961591548161
246334745886183
224478521071478
811250005599439
168549913341829
915137865166421
322754144961660
250217182106729
167228927258547
283468611810118
144239962961207
323272678180228
532616570136862
221843855064120
134630503413213
620975051361723
454057428043013
1536624493259080
295851530857305
613320272099409
241200729773109
146625359337388
875715022474175
434310496752159
464327153937270
1656756317694600
520523764699932
317844705343822
115706715815569
487245538097163
201089600560516
171374706752399
295044780843436
297341547375079
811207545573269
257410861297777
535236049900005
951981014905528
440443192795598
176890056273414
693751767374799
247938178719797
299558353402631
777159365676804
101573493855355
636494733132448
638991119606800
301196140009221
600845859928357
958421490952343
367276643413887
1750770138508170
930294313683565
116451478528372
416658538486317
171909223416304
902021589857792
424386244399170
251237964901099
1012793202094450
363251117168832
498677217159371
228760233922602
198736047307599
950954264998625
331759350616528
625658047525381
353873674738123
213435228864270
163063074413324
390194464391048
926274580799441
616808455325054
750836851709777
911157245625984
818088451544773
125786731294708
805517362876892
808925335870412
637909469727505
265010957435503
565760463449278
157565228218787
303829549996979
965306610309338
233546193472673
221176531278782
118053395526325
283866818761945
514452118637225
159173518053914
277963362406464
648584985230806
519296728262864
311068049083507
886718561389066
716176008512811
142793782487666
980225428750954
463769523778790
215298839019781
274964126223479
1956191604453050
802684476486812
222471094489468
215298839019781
240547979486510
312697292265668
791562340874804
200878933577486
218464788291291
539554362824042
141171146436113
849959961812351
339680239871038
148606768670712
668055753239165
188924618422819
286317781479500
454883864613624
200279810378598
139900386601263
1839937616260420
831402913567655
333614497116451
877609805760035
100456253790777
256992341321414
394738814312099
232097700870490
747776828616055
632376757121743
425627324152406
230366530444164
727149150689458
727729750628780
214428065351608
501791379940247
397159270480472
549359518522361
623007221078873
147364122609257
757301854341921
465771616818400
792509284288504
152490528723171
151285275051674
251506011630595
714242981958876
460327600819470
607322459464045
566126166826398
258846314490323
505698116170783
979783795419179
418382214868535
471876042851964
232355237530473
285849508287810
490756284350794
527866890575721
144662345658622
607322479381023
162921547663939
472075949568329
200905556712247
320175021506987
550388185334720
296357443871221
509184425784786
531721760617379
116234522557983
589594491182761
743124155706142
226427468162621
828278480550011
602791660055518
231549210621537
271423859693340
619252008448038
723052504387220
526876060791750
100776623588204
526374947408724
186897635444017
543167115731506
586048254757683
462026237638674
693240847450613
866429616816927
348833461873035
512273495598365
677985879055189
660439144066223
414987665358660
123268221338291
930580743711410
465124930339758
432104613635042
355236721312121
597692396935089
532840466897167
737289996386720
393570307457542
999334756800995
701574463205385
359071944193154
344842552349348
239360623612450
424265774420523
110662075756926
182130422123636
708401192656941
151723075020682
506702049416682
156440604567228
289708257873732
716239435072280
192119674294825
158390807661743
147253315445433
661854300540606
371406016528716
2023629057965490
270132043128226
524510574295442
561378960870799
282175212221818
449114315254830
112073505797568
454945241535283
163177114014723
876317445735040
174199979610342
152645984935737
164975053888374
1517842331820800
272578759781642
451944764896623
401075857059864
123848594939003
146160882743079
726252934125571
202082743705367
587586057972284
297667777088862
173840649475909
1793073807594060
957592621040854
136250529862253
619856091489504
690209067842955
802319756541091
667984486620146
537490693123257
289078714620103
240343102794804
386830934839708
161125921306485
935366653154381
572266249535961
970920556251759
802110969936740
242956569200732
164102010407426
797033210437755
590825141043908
563473843689098
664277230329155
405701976455949
154532988231070
429922943697869
768740543170261
945102338840158
138462686293307
123018424994412
150903628715640
510150452403221
270122156424094
129245791095963
621547527986319
474162806112154
696267870560877
212402602651492
524016737761965
570319129658675
319641144825770
739750456147717
232546246865167
330466127313027
731774976946521
248877948635662
460671087600980
743837335719615
125302817887474
1981188655514650
1411710912426840
171808293484812
495310317284077
682110888559981
503444143194504
153214381821015
480827942273405
123138191597342
678977768792223
854230001427206
265912317578000
756425927768306
1958138294268840
163258247521057
2254936761266780
175206929292827
646001312134464
237693516350515
126474380744360
131386314129474
201719079983940
686198891421863
500925070268077
368361336582765
815121065167103
205316279947655
941305335907889
770681712993608
289059824548373
339899543018645
346725526051132
892692290870453
966781106737595
573459016042502
148775702153714
617621368439035
354965987969395
543629622444787
1464364893822900
495043810620996
650865748582178
237056579779938
416082898525956
661269817230907
701725226543006
101498510008387
376363219114996
170722816462037
390159511086906
403315056543025
134322500240729
297226600380037
443746475784451
457010511058253
154089641420190
173402376063621
425259080969025
341118736057959
513962625365648
337467609644217
634823293323370
858347704214821
452741158143112
739187696176397
330107700383699
301195013330706
317473092103989
877637372418840
602983616426734
737675119681642
198556653841944
258617257605711
235658910341701
192742304564242
552778691432429
225042394357697
861997477208088
1458767087699540
301179443386418
296152707733269
463520720662226
634273946778131
121535978399874
997366070290979
712141835618169
230974633967994
325287424338082
185012471516158
134567356626685
759612380740252
572705696087875
532325033573028
956063907822214
281033958640674
734458766603815
317609361774812
111045922581111
148369365710109
900196630067339
211340782284231
390141227776154
600899217042869
653764911320749
1777766135578950
212671396187738
318919355159883
779677515550609
352826671559301
118721935135191
869255659826335
415410675561103
752035048194088
181743975513634
546517562057529
229559494257092
389333231469973
332820537161055
228474443976624
369559860211968
782357501787879
723119887894581
198410810527531
280838282110910
268338206570784
1389366961314270
759916127425648
164887517011259
676703442382559
598688166858855
209334206127744
297718993672713
631359646933387
157734568080089
541998469289527
188700171597063
464884980250597
2036532223338140
355914694858212
161827087847416
439678016118967
996073553757676
235012493314098
132480294091383
472087443182678
999565906731764
369394736575356
548760095219353
617174068382622
134423040601488
468597073152795
288279044693982
241250919948978
216144155386195
279370502107989
678853025576914
980188202088796
577937092374108
603045023155104
885732688172999
736833516395926
161081944292029
411311755655582
417167785759569
535417326592319
435840663283145
574055482970753
179290442528426
334492493379770
204354480011914
228831363898158
776853152371902
846001718751972
124746811500646
228760687288504
279168922287518
849406468437690
262355714395492
499623106895933
277372029070328
259309447943728
307729996097091
873802282699602
406768052812277
367811696638431
265602774167199
395706490611299
320199641748882
834005416636364
502719866581150
1951205101876460
442776192520219
211646515534285
152564218784109
753450154696225
180108995734160
453512478132335
228718824154829
123074384559698
457037867965930
671239096238921
152121808643049
388001864715162
847392008666798
533377606813437
174876649690615
507811182741210
694306014008773
410088565783559
270840863103641
893949917335885
509494035783840
141171543096643
283813385112476
502097443320791
1574191502842940
635729703208748
681864078546578
970252556458164
367928636710321
153606291803427
379544212237725
799053070148334
663548207014203
510723135679213
356207511180631
471550359843913
549651128547122
878567515666818
520428731440590
471767512897773
226408534387421
423733794358054
644254555597183
935874723095037
392434217940875
185834061567539
874847079277513
464570240292468
439439126230549
269035296583611
402566766467101
119846205254601
164154210339833
493587137457116
317775888417789
875616155817199
769563116440116
712748322076183
851535981540660
566013153470596
407486992732059
344880699036295
354409408029524
458790177662010
608923332550169
1622552724624780
1622552724624780
864963126906764
338043893047028
181079559047067
736142953090099
696921143792694
367543099983184
665959436767972
167327926778366
417326705415412
317460828721955
267172973721966
480902025363108
1786847971461980
582059352307355
157801681219194
209199020002763
503973699646184
909084415924843
857457770945593
262568974590266
814115581991844
555017684519460
335779283196243
153963135384111
168290903376001
246539368888409
844635102281684
586984748040955
321272564693357
780842971984416
2486739014719450
688802274650944
419052624798978
772356699491312
197515353752549
539691786142994
227169997341836
288648204590023
244284682572742
810736282412683
357294744469402
622978047762906
295483407707615
203473220409740
273532933073277
141521956202020
703603559717106
176656895688674
672326992781762
208066859350223
672165066175738
824447594278238
290928511568641
128162744020905
268847513317942
627166060827402
188128695118260
310610255815085
391694354930528
719167014830852
2070315529860690
283097135233686
834626159921114
173234972834133
370145059777573
143824635795660
165208413896273
105711822914076
1260385190756370
472991976087384
663556744036406
455053684649297
342241492989034
421592484673777
444843769029736
193922517344378
480767695435751
720552464681948
144334312623164
801083383340138
474165822760284
268333263533076
498726323668692
978202452259102
117576068658951
201590786676062
594105033934878
1607500919545530
227241784073282
384707935065767
129000474124369
189480354546921
407643309415958
935521816505718
344432685759698
346165475895682
576904612418431
108857159280259
995304633816317
834117206676408
782423825210927
524566800904139
134430146727330
481537555342335
803954136394308
139810186716652
1661244883976690
369063343297482
820546548125668
851943595002378
652210778244592
1846098655518360
272976219767092
725889000804939
877447652314928
637991556402867
415554748569080
770443343051006
692062854223581
622760667805688
324869144259935
596048297073591
605796652962648
720280854658008
451777841696068
437934689665375
678399025579625
395125900541702
480130222161098
911178778957709
288495668265633
513717268775692
439836452793150
426500720750317
227908891349171
141566389846034
187728878083980
338707519929312
937659592942403
924876254217420
107852693229743
407406192774776
210470193027046
1439373616369840
465837556837761
363669570439500
851317431930636
197670916971318
426438827704379
208619769734420
234364833792638
551409221576222
505547139490274
298643870483620
867493143282565
2009290249328220
256660151120104
174214506452801
431518837626638
731473386956682
681509162057752
1615161612088530
1778147332485190
497655557049414
415564655722871
655624701497758
564628186966046
543210092456577
1392096094365200
372067503130788
271590179613528
722511004562550
2222925398030580
1670136879700640
326654091073527
135920359831027
456277734522409
511746558903792
233494333759167
525897797427813
1795465187182450
249221901889819
306588339516199
541554819250282
1776156302633110
216515275651414
560607881071484
618263244902798
2025358230911450
270076933181156
463792650402491
107959459884224
1780391552269390
136195736546277
1780391552269390
442412793156884
364050910294589
594826103966042
1336505233032830
546840938818618
336110359921856
244674835693557
1236453346537020
1138639926239720
345495555782468
507855319330472
1208521439273210
977736245572893
468037483233157
541465525920539
495416063859428
526708187381913
656014237810673
898075290312511
147921058728693
949508991743110
486972588025570
327019981102182
132033443625393
742726626204553
1132687353542610
186995494841180
351998671594999
550978871730445
1681791455448740
142837976345843
232739220197881
457926044267171
385631144965515
654730871652269
133767414016910
2077001802624600
148610951998184
416851638459362
235839500122010
403262663659487
545026008916458
137967519587841
642140512597515
408154775974757
652547931490813
734365969920670
159959350762089
133372433409839
204056559768493
417043838437682
489785724430128
634504193335242
209752206038362
530398417010451
541270822636390
218355558325530
400012390135898
282255812126849
832549346818565
1032732993516050
1441672156058390
472862613088849
927947347325223
280454742126610
602647706429922
2418488844884380
1468282336724360
2299342080294280
316526875156452
414348345601641
215162602026118
336778593185441
250667411797704
1567741106857830
666073976871072
284821165417644
307472552735219
794442543948069
718390408309622
242540509473896
2149786005334920
283151301808745
908402599276849
627577444082095
446557488835994
997014113777122
116769438462861
1150626228352050
213472552091406
287102074664800
698463833587381
710572258971698
878858968819626
172441923192530
770060193018122
257102384497176
1080663702066260
329704783898050
579258092158897
1193930460998490
229014354109143
547608265413339
1410366445745610
856122791198572
1609279512695650
875335815943850
440443809400025
513799622115818
390617994406550
586770471439979
984836444912092
890544297677103
799613900102960
1792528151038690
239543180563667
722344317919262
159066327606199
515299615181527
447247022125301
535513333219458
937315192965379
854272694671545
449948515345260
590130671043569
1568848159879980
806399302740134
2502297339874920
540330132697709
729299217140642
882855401860324
740753906036851
134066226613755
1292401390833900
226117357599487
196810943861287
185315848576324
219910728208240
173155962731288
230413657148156
234996066693680
597558737007347
749191371831383
1823011147985460
2168732290047470
1214351398599020
302091509881059
1023342917677550
269656369886843
1476245439319740
876689279025944
196737387611115
333850613491188
1494951870639460
456227347784991
220897035095468
1223033827833340
1431271060449390
947336858642745
128615737761334